0 6
0 11
0 18
0 39
0 48
1 35
2 5
2 40
2 56
3 13
3 17
3 18
3 43
3 45
3 50
4 20
4 22
4 29
4 30
4 31
4 39
4 44
4 57
5 2
5 13
5 45
5 47
6 0
6 11
6 17
7 54
8 12
8 16
8 59
8 60
9 12
9 16
9 20
9 57
9 59
9 60
10 22
10 30
10 33
10 43
10 57
11 0
11 6
11 23
11 31
11 40
11 48
12 8
12 9
12 16
12 20
12 35
12 44
12 60
13 3
13 5
13 32
13 45
13 50
14 54
15 36
16 8
16 9
16 12
16 20
16 35
16 44
16 57
16 60
17 3
17 6
17 19
17 27
17 36
17 37
17 40
17 41
17 43
17 46
17 53
17 55
18 0
18 3
18 21
18 27
18 43
18 48
18 58
19 17
19 23
19 36
19 40
19 41
19 53
20 4
20 9
20 12
20 16
20 25
20 28
20 30
20 34
20 60
21 18
21 23
21 24
21 27
21 32
21 48
21 54
22 4
22 10
22 33
22 57
23 11
23 19
23 21
23 31
23 39
23 41
23 47
23 50
23 53
24 21
24 32
24 36
24 40
24 48
24 54
25 20
26 39
26 48
26 54
27 17
27 18
27 21
27 32
27 48
27 54
28 20
28 29
28 30
29 4
29 28
29 30
30 4
30 10
30 20
30 28
30 29
31 4
31 11
31 23
31 33
31 50
32 13
32 21
32 24
32 27
32 38
32 46
32 48
32 54
32 55
33 10
33 22
33 31
33 45
33 50
34 20
35 1
35 12
35 16
36 15
36 17
36 19
36 24
36 37
36 40
36 41
36 43
36 46
36 53
37 17
37 36
37 40
37 47
37 52
38 32
39 0
39 4
39 23
39 26
39 40
39 42
39 43
40 2
40 11
40 17
40 19
40 24
40 36
40 37
40 39
40 43
40 46
40 48
41 17
41 19
41 23
41 36
41 46
41 47
41 55
41 61
42 39
42 60
43 3
43 10
43 17
43 18
43 36
43 39
43 40
43 55
44 4
44 12
44 16
44 57
44 60
45 3
45 5
45 13
45 33
45 50
45 53
46 17
46 32
46 36
46 40
46 41
46 49
46 56
47 5
47 23
47 37
47 41
48 0
48 11
48 18
48 21
48 24
48 26
48 27
48 32
48 40
48 53
48 54
49 46
49 52
50 3
50 13
50 23
50 31
50 33
50 45
51 60
52 37
52 49
53 17
53 19
53 23
53 36
53 45
53 48
53 54
54 7
54 14
54 21
54 24
54 26
54 27
54 32
54 48
54 53
54 58
55 17
55 32
55 41
55 43
56 2
56 46
57 4
57 9
57 10
57 16
57 22
57 44
57 60
58 18
58 54
59 8
59 9
60 8
60 9
60 12
60 16
60 20
60 42
60 44
60 51
60 57
61 41
