0 47
0 55
0 60
0 66
0 69
0 78
0 94
0 95
0 99
0 100
1 20
1 23
1 31
1 62
1 68
1 73
1 79
1 90
1 98
1 99
2 18
2 49
2 52
2 56
2 61
2 70
2 76
2 86
2 91
2 107
2 113
3 4
3 7
3 12
3 19
3 26
3 36
3 38
3 44
3 68
3 93
3 96
3 107
4 3
4 28
4 30
4 36
4 40
4 48
4 60
4 92
4 104
4 106
4 108
4 112
5 6
5 9
5 16
5 17
5 18
5 50
5 63
5 67
5 75
5 77
5 103
5 109
6 5
6 8
6 14
6 29
6 43
6 55
6 61
6 75
6 77
6 84
6 87
6 105
7 3
7 8
7 12
7 19
7 26
7 31
7 44
7 72
7 96
7 107
7 111
8 6
8 7
8 13
8 14
8 55
8 77
8 84
8 87
8 93
8 100
8 101
8 110
9 5
9 10
9 35
9 42
9 50
9 58
9 61
9 63
9 67
9 88
9 103
9 109
10 9
10 11
10 24
10 25
10 43
10 71
10 76
10 80
10 81
10 85
10 111
10 114
11 10
11 12
11 24
11 25
11 44
11 54
11 71
11 80
11 81
11 93
11 114
12 3
12 7
12 11
12 19
12 25
12 26
12 44
12 67
12 96
12 107
12 111
13 8
13 14
13 63
13 75
13 77
13 84
13 87
13 101
13 105
13 110
14 6
14 8
14 13
14 27
14 31
14 53
14 72
14 93
14 100
14 107
15 16
15 17
15 20
15 21
15 29
15 37
15 39
15 41
15 46
15 88
16 5
16 15
16 18
16 35
16 42
16 48
16 63
16 67
16 103
16 109
16 113
17 5
17 15
17 18
17 29
17 41
17 46
17 57
17 74
17 88
17 102
18 2
18 5
18 16
18 17
18 35
18 42
18 50
18 63
18 71
18 95
18 103
18 109
19 3
19 7
19 12
19 20
19 26
19 41
19 44
19 70
19 84
19 96
19 107
20 1
20 15
20 19
20 23
20 30
20 61
20 65
20 68
20 90
20 98
20 99
21 15
21 22
21 34
21 37
21 39
21 41
21 45
21 57
21 64
21 74
21 102
22 21
22 32
22 33
22 36
22 38
22 39
22 47
22 58
22 82
22 97
22 104
23 1
23 20
23 24
23 39
23 65
23 68
23 73
23 78
23 79
23 90
23 99
24 10
24 11
24 23
24 25
24 35
24 49
24 54
24 71
24 80
24 111
24 114
25 10
25 11
25 12
25 24
25 26
25 50
25 54
25 71
25 80
25 81
25 111
26 3
26 7
26 12
26 19
26 25
26 44
26 81
26 93
26 96
26 107
26 114
27 14
27 28
27 31
27 53
27 69
27 72
27 87
27 90
27 93
27 113
28 4
28 27
28 36
28 40
28 48
28 56
28 92
28 106
28 108
28 109
28 112
29 6
29 15
29 17
29 30
29 37
29 41
29 45
29 46
29 64
29 88
30 4
30 20
30 29
30 59
30 65
30 66
30 68
30 73
30 79
30 98
30 99
31 1
31 7
31 14
31 27
31 41
31 53
31 72
31 81
31 93
32 22
32 33
32 38
32 45
32 58
32 82
32 83
32 85
32 94
32 97
32 104
33 22
33 32
33 38
33 47
33 53
33 58
33 82
33 85
33 97
33 104
33 112
34 21
34 35
34 37
34 46
34 57
34 58
34 64
34 74
34 82
34 88
34 102
35 9
35 16
35 18
35 24
35 34
35 42
35 50
35 52
35 67
35 103
35 109
36 3
36 4
36 22
36 28
36 40
36 48
36 92
36 106
36 108
36 112
37 15
37 21
37 29
37 34
37 38
37 45
37 57
37 64
37 74
37 97
37 102
38 3
38 22
38 32
38 33
38 37
38 47
38 58
38 82
38 95
38 97
38 104
39 15
39 21
39 22
39 23
39 40
39 46
39 61
39 62
40 4
40 28
40 36
40 39
40 48
40 83
40 92
40 98
40 106
40 108
40 112
41 15
41 17
41 19
41 21
41 29
41 31
41 42
41 46
41 57
41 74
41 88
42 9
42 16
42 18
42 35
42 41
42 50
42 57
42 63
42 85
42 103
42 109
43 6
43 10
43 44
43 54
43 55
43 75
43 77
43 84
43 101
43 105
43 110
44 3
44 7
44 11
44 12
44 19
44 26
44 43
44 70
44 96
44 107
45 21
45 29
45 32
45 37
45 46
45 60
45 66
46 15
46 17
46 29
46 34
46 39
46 41
46 45
46 64
46 73
46 82
46 88
47 0
47 22
47 33
47 38
47 48
47 51
47 60
47 69
47 78
47 89
47 94
48 4
48 16
48 28
48 36
48 40
48 47
48 65
48 92
48 106
48 108
48 112
49 2
49 24
49 50
49 52
49 56
49 70
49 76
49 86
49 91
49 113
49 114
50 5
50 9
50 18
50 25
50 35
50 42
50 49
50 63
50 64
50 67
50 103
51 47
51 52
51 56
51 60
51 69
51 78
51 89
51 94
51 95
51 99
51 101
52 2
52 35
52 49
52 51
52 56
52 70
52 76
52 86
52 87
52 91
52 113
53 14
53 27
53 31
53 33
53 54
53 71
53 72
53 81
53 93
54 11
54 24
54 25
54 43
54 53
54 71
54 80
54 81
54 104
54 111
54 114
55 0
55 6
55 8
55 43
55 56
55 75
55 77
55 87
55 101
55 105
56 2
56 28
56 49
56 51
56 52
56 55
56 70
56 76
56 86
56 89
56 91
56 113
57 17
57 21
57 34
57 37
57 41
57 42
57 58
57 64
57 74
57 102
58 9
58 22
58 32
58 33
58 34
58 38
58 57
58 82
58 92
58 97
58 104
59 30
59 60
59 65
59 68
59 73
59 79
59 90
59 98
59 99
59 109
60 0
60 4
60 45
60 47
60 51
60 59
60 78
60 89
60 94
60 95
61 2
61 6
61 9
61 20
61 39
61 62
61 66
61 91
61 100
61 104
62 1
62 39
62 61
62 63
62 66
62 69
62 79
62 100
63 5
63 9
63 13
63 16
63 18
63 42
63 50
63 62
63 67
63 74
63 109
64 21
64 29
64 34
64 37
64 46
64 50
64 57
64 65
64 74
64 95
64 102
65 20
65 23
65 30
65 48
65 59
65 64
65 73
65 79
65 90
65 98
65 108
66 0
66 30
66 45
66 61
66 62
66 67
66 68
66 100
66 112
67 5
67 9
67 12
67 16
67 35
67 50
67 63
67 66
67 103
67 109
67 114
68 1
68 3
68 20
68 23
68 30
68 59
68 66
68 69
68 73
68 90
68 99
69 0
69 27
69 47
69 51
69 62
69 68
69 78
69 79
69 89
69 94
69 95
70 2
70 19
70 44
70 49
70 52
70 56
70 71
70 76
70 86
70 91
70 107
70 113
71 10
71 11
71 18
71 24
71 25
71 53
71 54
71 70
71 81
71 111
71 114
72 7
72 14
72 27
72 31
72 53
72 73
72 86
72 91
72 93
72 94
72 98
73 1
73 23
73 30
73 46
73 59
73 65
73 68
73 72
73 79
73 98
73 106
74 17
74 21
74 34
74 37
74 41
74 57
74 63
74 64
74 75
74 102
75 5
75 6
75 13
75 43
75 55
75 74
75 77
75 84
75 105
75 107
75 110
76 2
76 10
76 49
76 52
76 56
76 70
76 77
76 80
76 86
76 91
76 113
77 5
77 6
77 8
77 13
77 43
77 55
77 75
77 76
77 85
77 87
77 105
78 0
78 23
78 47
78 51
78 60
78 69
78 79
78 89
78 95
78 110
79 1
79 23
79 30
79 59
79 62
79 65
79 69
79 73
79 78
79 98
79 99
80 10
80 11
80 24
80 25
80 54
80 76
80 81
80 85
80 101
80 111
80 114
81 10
81 11
81 25
81 26
81 31
81 53
81 54
81 71
81 80
81 111
81 114
82 22
82 32
82 33
82 34
82 38
82 46
82 58
82 83
82 97
82 104
82 112
83 32
83 40
83 82
83 85
83 88
83 89
83 94
83 96
83 97
83 108
83 113
84 6
84 8
84 13
84 19
84 43
84 75
84 85
84 86
84 87
84 101
84 110
85 10
85 32
85 33
85 42
85 77
85 80
85 83
85 84
85 96
85 97
85 103
86 2
86 49
86 52
86 56
86 70
86 72
86 76
86 84
86 87
86 91
86 113
87 6
87 8
87 13
87 27
87 52
87 55
87 77
87 84
87 86
87 101
87 110
88 9
88 15
88 17
88 29
88 34
88 41
88 46
88 83
88 102
89 47
89 51
89 56
89 60
89 69
89 78
89 83
89 90
89 94
89 95
89 100
90 1
90 20
90 23
90 27
90 59
90 65
90 68
90 89
90 98
90 99
90 107
91 2
91 49
91 52
91 56
91 61
91 70
91 72
91 76
91 86
91 92
91 110
91 113
92 4
92 28
92 36
92 40
92 48
92 58
92 91
92 102
92 106
92 108
92 112
93 3
93 8
93 11
93 14
93 26
93 27
93 31
93 53
93 72
94 0
94 32
94 47
94 51
94 60
94 69
94 72
94 83
94 89
94 95
94 96
95 0
95 18
95 38
95 51
95 60
95 64
95 69
95 78
95 89
95 94
95 109
96 3
96 7
96 12
96 19
96 26
96 44
96 83
96 85
96 94
96 107
97 22
97 32
97 33
97 37
97 38
97 58
97 82
97 83
97 85
97 104
98 1
98 20
98 30
98 40
98 59
98 65
98 72
98 73
98 79
98 90
99 0
99 1
99 20
99 23
99 30
99 51
99 59
99 68
99 79
99 90
100 0
100 8
100 14
100 61
100 62
100 66
100 89
100 101
101 8
101 13
101 43
101 51
101 55
101 80
101 84
101 87
101 100
101 105
101 110
102 17
102 21
102 34
102 37
102 57
102 64
102 74
102 88
102 92
102 103
103 5
103 9
103 16
103 18
103 35
103 42
103 50
103 67
103 85
103 102
103 105
104 4
104 22
104 32
104 33
104 38
104 54
104 58
104 61
104 82
104 97
105 6
105 13
105 43
105 55
105 75
105 77
105 101
105 103
105 106
105 110
106 4
106 28
106 36
106 40
106 48
106 73
106 92
106 105
106 108
106 112
107 2
107 3
107 7
107 12
107 14
107 19
107 26
107 44
107 70
107 75
107 90
107 96
108 4
108 28
108 36
108 40
108 48
108 65
108 83
108 92
108 106
108 112
109 5
109 9
109 16
109 18
109 28
109 35
109 42
109 59
109 63
109 67
109 95
110 8
110 13
110 43
110 75
110 78
110 84
110 87
110 91
110 101
110 105
111 7
111 10
111 12
111 24
111 25
111 54
111 71
111 80
111 81
111 114
112 4
112 28
112 33
112 36
112 40
112 48
112 66
112 82
112 92
112 106
112 108
113 2
113 16
113 27
113 49
113 52
113 56
113 70
113 76
113 83
113 86
113 91
114 10
114 11
114 24
114 26
114 49
114 54
114 67
114 71
114 80
114 81
114 111
